24 56 57 55 0 56 56
11 31 33 32 0 32 32
28 1 31 1 32 0 32
42 3 47 3 48 0 48
65 7 72 7 72 0 72
72 72 17 72 72 72 0
56 56 11 56 56 56 0
24 24 2 24 24 24 0
214 213 73 214 216 216 0
245 244 85 244 248 248 0
137 244 246 244 0 248 248
123 221 223 221 0 224 224
99 182 181 181 0 184 184
67 128 130 129 0 128 128
29 63 65 64 0 64 64
199 46 217 47 224 0 224
130 26 141 26 144 0 144
58 5 64 6 64 0 64
229 230 80 230 232 232 0
150 150 48 150 152 152 0
96 96 27 96 96 96 0
74 63 66 62 77 62 66
89 143 92 142 49 149 90
108 109 206 109 97 103 219
77 96 116 95 77 96 116
56 77 186 76 30 73 198
201 127 62 128 230 120 40
209 53 80 54 239 19 70
165 37 70 38 193 0 64
67 131 121 132 0 131 117
130 150 47 149 121 153 0
128 234 135 233 0 240 118
139 219 169 218 87 223 160
241 239 116 238 245 240 113
216 70 82 69 248 53 71
169 35 70 36 193 0 64
213 162 77 161 230 160 50
241 205 96 204 255 205 64
130 134 246 135 120 130 255
81 147 194 146 11 147 197
96 136 236 135 66 134 244
82 153 97 154 15 157 88
85 157 103 158 22 160 93
198 50 144 49 225 20 145
228 128 147 128 253 118 144
207 46 141 46 236 0 140
239 195 70 194 255 193 0
230 149 59 148 253 145 12
194 79 67 79 219 68 55
182 39 74 38 207 0 69
106 24 72 24 117 11 70
135 187 239 186 101 187 244
118 113 236 113 112 108 245
133 164 225 163 112 164 230
149 127 218 125 152 121 224
80 110 208 110 56 107 215
23 49 82 49 0 49 82
110 200 129 200 11 205 116
93 163 182 163 31 165 183
89 160 108 160 30 163 98
157 194 99 192 143 197 80
